Statistical Results:
Count: 12624
Mean: 149.0027
Median: 147.75
Mode: 123.75
Standard deviation: 130.4144
Variance: 17009.268218511454

Execution time: 0.032964 seconds
