Statistical Results:
Count: 12624
Mean: 249.7762
Median: 249.0
Mode: 94.0
Standard deviation: 145.3178
Variance: 21118.950393821877

Execution time: 0.050116 seconds
