Statistical Results:
Count: 311
Mean: 241.4951
Median: 241.0
Mode: 393.0
Standard deviation: 145.4648
Variance: 21229.172361669967

Execution time: 0.000761 seconds
